0.130900000000000
0.417700000000000
0.148700000000000
0.451500000000000
1.08650000000000
0.175900000000000
0.259400000000000
0.495000000000000
0.711500000000000
0.318600000000000
0.209300000000000
0.520200000000000
0.448900000000000
0.364200000000000
0.396000000000000
0.0141000000000000
0.0282000000000000
0.0392000000000000
0.529400000000000
0.480100000000000
0.269900000000000
0.187900000000000
0.465600000000000
0.384200000000000
0.269000000000000
0.479300000000000
0.328600000000000
0.233800000000000
0.581700000000000
0.199300000000000
0.238000000000000