0.226100000000000
0.649100000000000
0.266300000000000
0.382700000000000
0.296200000000000
0.295800000000000
0.301100000000000
0.177900000000000
0.187300000000000
0.168500000000000
0.371500000000000
0.302600000000000
0.173500000000000
0.679800000000000
-0.198000000000000
0.428200000000000
0.184400000000000
0.217200000000000
0.384600000000000
0.481000000000000
0.297400000000000
0.438800000000000
0.554200000000000
0.213100000000000
0.00930000000000000
0.198100000000000
0.203300000000000
0.120100000000000
0.343000000000000
0.241700000000000
0.375500000000000
0.222900000000000
-0.000700000000000000
0.875600000000000
0.152300000000000
0.456400000000000
0.269300000000000
0.284900000000000
0.366600000000000
0.288600000000000
0.287800000000000
0.857400000000000
0.563300000000000
0.243700000000000
0.314700000000000
0.0735000000000000
0.222300000000000
0.204700000000000
0.262200000000000
0.271300000000000
0.174900000000000
0.336000000000000
0.289700000000000
0.367500000000000
0.458300000000000
0.292500000000000
0.438500000000000
0.159100000000000
0.344500000000000
0.0518000000000000
0.400600000000000
0.137900000000000
-0.0308000000000000
0.274700000000000
0.189300000000000
0.431100000000000
0.426900000000000
0.131000000000000
0.465000000000000
0.252500000000000
-0.0489000000000000
0.283800000000000
-0.0622000000000000
0.185400000000000
0.310400000000000
0.472100000000000
-0.145800000000000
-0.127000000000000
0.425400000000000
0.0954000000000000
0.315900000000000
0.919500000000000
0.354000000000000
-0.0688000000000000
0.460400000000000
0.410700000000000
0.282900000000000
0.303500000000000
0.716200000000000
0.137800000000000
0.321300000000000
0.177300000000000
0.515300000000000
0.190100000000000
0.331000000000000
0.343400000000000
0.136900000000000
0.142600000000000