0.374800000000000
0.525400000000000
0.305000000000000
0.223200000000000
0.441100000000000
0.356100000000000
-0.0970000000000000
0.143000000000000
0.470300000000000
0.634600000000000
0.137700000000000
0.0449000000000000
0.277500000000000
0.202800000000000
0.229900000000000
0.182100000000000
0.0457000000000000
0.820900000000000
0.469000000000000
-0.00690000000000000
0.215500000000000
0.422000000000000
0.175400000000000
0.202300000000000
0.246200000000000
0.420000000000000
0.331300000000000
0.185300000000000
0.686400000000000
0.317400000000000
0.133000000000000
0.119100000000000
0.184500000000000
0.195600000000000
0.129600000000000
0.0920000000000000
0.546800000000000
0.248000000000000
0.218700000000000
0.0995000000000000
0.184900000000000
0.330800000000000
0.0868000000000000
0.494600000000000
-0.112600000000000
0.190700000000000
0.299900000000000
0.312200000000000
0.212800000000000
0.191000000000000
0.190200000000000
0.321600000000000
0.429600000000000
0.0371000000000000
0.479800000000000
0.151100000000000
0.344000000000000
0.225900000000000
0.252900000000000
0.282900000000000
0.220100000000000
0.378100000000000
-0.00830000000000000
0.201800000000000
0.0659000000000000
0.399500000000000
0.136800000000000
0.386600000000000
0.304700000000000
0.317200000000000
0.569300000000000
0.403300000000000
0.256900000000000
0.177400000000000
0.216700000000000
0.424100000000000
0.324200000000000
0.0651000000000000
0.191600000000000
0.275500000000000
0.248000000000000
0.475000000000000
0.264500000000000
0.334200000000000
0.00390000000000000
0.230600000000000
0.242100000000000
0.400700000000000
0.326300000000000