0.197000000000000
0.544700000000000
0.126600000000000
0.124500000000000
0.0914000000000000
0.283200000000000
-0.154200000000000
0.281700000000000
0.190800000000000
0.202400000000000
0.407000000000000
0.253400000000000
0.882600000000000
-0.0130000000000000
0.336100000000000
0.109000000000000
-0.00370000000000000
0.132800000000000
-0.0167000000000000
0.0285000000000000
0.110500000000000
0.291800000000000
0.0392000000000000
0.203900000000000
0.122800000000000
0.185500000000000
0.320700000000000
0.189100000000000
0.750800000000000
0.310500000000000
0.168900000000000
-0.203500000000000
0.00160000000000000
-0.337400000000000
0.0838000000000000
0.0664000000000000
0.553900000000000
0.979400000000000
-0.240600000000000
0.264500000000000
0.317500000000000
-0.283400000000000
0.250800000000000
-0.151200000000000
0.211700000000000
0.392800000000000
0.251900000000000
0.156800000000000
0.375700000000000
-0.0912000000000000
0.0944000000000000
-0.0868000000000000
0.237200000000000
0.185000000000000
-0.0203000000000000
0.233900000000000
0.248700000000000
-0.131900000000000
0.326000000000000
-0.234400000000000
0.295900000000000
-0.119200000000000
0.199100000000000
0.149800000000000
-0.0863000000000000
0.00650000000000000
0.0694000000000000
0.209300000000000
0.359000000000000
0.275600000000000
0.236000000000000
-0.400200000000000
0.281600000000000
0.370700000000000
0.145900000000000
-0.176500000000000
0.285300000000000
0.0670000000000000
0.261500000000000
-0.264600000000000
0.230300000000000
-0.115500000000000
0.0486000000000000
0.127200000000000
0.0686000000000000